414
246
770
541
810
607
912
323
732
990
630
918
469
864
422
771
181
997
641
516
711
463
359
497
397
64
718
980
902
543
349
501
61
213
337
968
214
481
616
174
712
845
546
460
678
374
473
15
541
173
501
5
421
272
811
214
835
787
97
86
229
758
613
751
522
490
474
975
72
337
584
635
468
27
33
556
98
616
929
555
544
460
779
711
361
240
668
634
493
187
533
206
691
967
954
85
266
190
19
401
617
684
596
158
301
433
697
729
53
277
73
0
728
717
936
570
74
660
140
568
563
235
432
557
684
43
588
493
144
208
185
481
931
814
186
570
958
642
892
556
434
377
182
485
616
598
544
870
997
61
646
664
64
3
180
774
473
930
338
188
230
535
953
640
224
864
422
843
391
78
234
495
728
247
5
59
615
831
60
599
723
168
694
835
893
856
242
448
195
589
207
11
812
793
298
280
31
745
990
190
534
534
439
777
45
414
974
562
743
536
900
983
642
920
470
434
332
45
162
280
987
272
633
481
730
126
461
362
427
601
785
529
670
224
480
875
731
698
2
814
110
26
705
766
268
295
735
198
810
961
318
659
29
653
431
93
47
397
11
560
41
146
34
865
374
517
606
789
806
61
765
585
425
541
871
349
819
403
652
781
136
502
857
370
152
376
699
344
584
954
111
105
463
695
126
151
767
681
861
206
497
598
110
657
289
189
30
189
84
266
435
242
626
800
326
270
836
552
682
523
486
26
391
312
536
860
88
751
841
636
390
28
71
908
702
846
524
659
51
836
662
675
607
418
626
608
586
65
749
671
306
43
592
63
292
405
258
252
256
759
461
709
222
417
406
382
348
808
915
589
622
951
98
175
149
868
176
309
550
20
975
431
505
76
990
936
620
661
939
669
902
715
587
506
365
417
400
203
842
29
602
117
70
232
281
997
334
222
677
553
25
156
251
925
239
155
551
444
908
498
329
3
739
631
674
248
335
589
789
268
696
931
156
451
996
546
107
607
604
359
761
820
138
591
865
142
105
285
999
354
912
806
148
869
726
339
686
499
992
732
131
198
815
202
921
508
711
118
712
608
446
71
304
861
189
376
146
277
876
354
427
311
710
24
462
15
983
353
164
122
384
143
681
40
288
792
867
258
465
228
932
916
729
889
333
226
527
45
329
56
871
764
850
745
880
73
736
362
702
536
405
851
593
742
814
979
419
714
338
863
555
888
179
552
84
291
169
911
644
585
134
605
25
966
922
29
251
928
5
424
961
632
400
945
555
270
208
178
99
442
964
14
24
835
899
513
750
539
556
338
878
472
209
878
856
573
869
479
489
599
200
829
887
706
419
384
206
712
325
559
125
766
190
42
396
97
792
733
343
340
297
892
720
9
525
488
604
270
480
762
648
89
403
967
933
575
227
333
554
71
464
310
504
106
660
81
513
882
873
689
672
251
610
959
575
608
730
907
401
262
120
379
592
544
906
724
541
932
608
273
693
928
711
918
445
811
56
409
636
18
450
53
266
799
421
666
223
514
888
388
549
821
257
743
82
664
123
750
938
269
397
582
816
314
395
1
515
524
255
88
951
9
627
371
500
415
185
727
122
417
724
689
768
367
660
560
949
428
786
245
74
641
999
6
883
639
201
196
680
530
632
683
443
53
282
934
531
260
936
618
354
79
761
968
292
53
731
392
991
485
892
575
560
144
139
502
475
250
252
227
969
79
78
427
533
297
389
918
451
386
802
676
616
274
36
670
808
633
798
354
488
346
670
710
915
290
141
130
34
628
465
156
103
785
962
875
517
397
110
697
344
917
221
51
799
339
394
819
912
589
312
516
957
183
12
983
980
214
760
588
665
74
352
431
435
325
682
146
243
871
693
263
859
351
797
789
10
577
161
993
515
473
889
959
347
494
883
783
74
490
612
536
979
960
638
693
341
452
917
467
204
361
800
950
786
199
633
349
327
745
174
192
570
807
216
385
730
464
155
784
90
850
64
511
415
537
144
960
13
30
412
3
560
715
863
111
606
391
953
262
12
553
94
466
536
888
188
851
508
446
78
698
968
949
455
140
440
757
762
569
477
366
697
210
367
941
472
376
73
29
983
977
266
594
692
541
961
219
27
882
20
893
770
910
653
465
280
749
538
714
838
875
717
156
908
204
470
785
558
568
838
668
304
757
193
798
21
878
875
573
197
932
591
325
725
306
354
169
935
798
586
224
101
811
912
754
198
180
668
826
837
286
975
179
895
734
360
618
268
176
328
345
70
496
618
162
609
510
144
830
966
890
550
537
498
272
214
314
968
905
821
902
795
772
87
321
853
933
208
196
268
512
811
216
255
871
681
447
138
992
420
149
876
187
148
852
923
616
760
869
806
779
630
391
855
633
44
431
762
883
337
727
696
871
109
888
995
682
912
788
403
430
425
290
127
529
698
375
124
242
600
481
287
113
318
417
703
415
211
152
461
759
493
79
17
663
335
872
580
704
220
90
152
613
527
177
483
406
200
628
576
692
532
906
843
180
770
157
204
549
18
390
776
198
605
971
33
223
518
629
18
806
229
586
218
278
511
226
11
617
379
334
468
361
90
714
264
864
953
646
183
188
631
153
571
142
567
212
836
176
391
156
209
810
654
730
699
264
933
209
511
269
816
953
994
160
649
98
611
631
183
698
50
520
650
501
897
898
933
603
183
979
297
546
95
498
110
288
906
815
305
670
148
609
940
218
288
808
304
839
485
905
854
205
35
99
14
619
562
917
754
835
828
965
481
564
762
284
466
97
614
24
172
254
457
64
468
487
228
308
140
727
386
580
457
264
675
689
144
261
153
761
828
739
734
233
138
721
852
513
373
742
661
554
918
721
834
908
336
862
210
206
293
79
739
825
606
594
427
637
691
799
877
287
469
665
481
229
854
300
247
721
944
901
101
387
914
69
481
879
968
69
343
920
253
577
598
125
491
330
674
233
560
322
149
595
101
110
204
386
518
241
458
881
496
324
647
295
112
371
838
481
640
168
448
543
278
842
601
541
935
681
330
983
765
275
314
956
644
542
138
409
670
649
440
519
153
220
784
216
598
498
984
923
586
785
812
678
872
11
133
784
405
788
330
320
644
939
314
372
177
977
458
785
167
292
227
32
917
329
791
402
881
160
986
766
877
359
124
292
642
20
169
651
940
108
441
740
906
615
327
272
704
693
742
293
317
963
300
271
411
305
763
253
412
896
942
850
563
628
377
116
699
378
20
86
644
450
328
293
402
888
195
247
136
414
584
780
227
594
853
54
523
286
739
425
465
545
332
976
261
763
67
222
514
575
447
800
326
522
113
959
468
593
872
322
461
763
942
820
693
622
174
585
269
78
247
20
400
627
349
201
147
331
190
550
692
290
825
232
481
967
567
182
640
281
543
934
38
290
529
960
306
144
588
695
480
101
400
343
413
196
358
904
145
547
402
336
737
167
235
158
495
469
67
697
661
26
772
589
985
663
452
359
411
779
665
12
28
485
259
607
290
271
929
412
177
598
320
908
9
159
168
280
615
370
721
229
663
452
196
875
80
170
79
692
330
917
756
81
774
579
997
202
552
230
680
331
822
493
495
319
358
834
700
262
631
266
270
918
790
504
659
656
201
114
995
279
676
47
821
706
698
751
172
302
996
751
635
916
265
347
842
673
492
619
719
983
705
994
787
455
949
76
874
530
843
158
357
14
878
9
389
803
8
226
449
937
675
18
388
240
994
644
823
158
525
85
751
1
399
772
769
653
73
29
148
662
49
481
5
631
602
978
182
128
821
233
574
870
75
930
28
106
674
289
313
332
687
843
507
375
415
764
980
800
391
879
585
206
934
709
99
779
280
821
568
172
731
977
81
812
838
522
799
894
624
938
414
309
348
315
976
44
447
413
848
466
526
227
796
666
574
985
282
173
819
641
367
768
396
21
478
467
364
665
110
489
595
422
529
492
880
204
849
489
281
753
187
187
804
154
641
431
948
996
80
815
987
933
841
195
954
994
766
289
247
450
649
364
709
253
388
41
802
568
868
724
463
15
537
1
719
947
736
741
837
98
58
205
382
776
407
387
640
150
888
208
847
10
703
734
520
5
222
833
430
295
63
495
51
507
693
813
51
388
208
589
713
291
829
396
570
116
444
356
220
105
328
988
26
949
311
539
252
801
760
531
939
44
480
957
915
836
897
763
473
184
573
282
526
976
344
679
683
313
612
356
659
295
500
882
924
97
766
931
646
859
425
695
46
826
276
927
41
628
410
423
217
167
642
673
983
439
74
213
790
818
801
464
589
999
946
805
339
409
944
919
717
387
387
392
259
798
496
682
827
758
275
652
687
866
630
942
141
613
524
833
381
442
957
447
912
480
563
59
201
690
482
711
792
234
571
403
817
437
391
956
522
474
399
558
137
713
582
69
849
538
978
790
93
196
673
732
470
463
963
431
900
164
946
53
102
169
189
388
357
269
580
505
134
241
72
341
886
133
979
563
272
635
884
509
90
994
695
344
376
676
508
18
799
725
709
244
521
65
928
358
995
204
732
90
441
461
640
928
555
0
321
376
663
147
973
202
391
664
592
990
188
658
769
146
344
711
925
944
487
241
808
142
416
780
970
306
231
520
837
170
245
920
990
432
850
764
161
72
960
935
33
574
513
195
675
139
992
49
44
430
60
110
248
77
653
604
15
839
60
162
354
485
482
700
65
998
719
630
957
993
180
20
527
827
122
936
920
92
181
851
952
610
315
996
852
879
82
880
769
960
509
179
119
157
805
171
588
847
321
839
771
460
466
116
376
520
157
418
438
679
744
302
957
787
973
761
387
588
34
763
577
114
776
323
648
919
19
686
685
37
351
543
522
967
779
254
419
229
780
2
438
537
160
546
905
771
5
260
300
217
30
98
154
358
915
347
372
542
622
230
451
401
426
837
957
454
112
687
599
968
324
60
797
195
85
152
915
138
68
501
767
242
966
630
88
427
875
77
607
17
105
245
562
332
34
411
424
393
990
376
949
63
421
317
856
250
235
340
432
915
505
102
348
314
737
169
783
225
798
223
137
171
480
146
721
184
329
555
170
389
597
421
829
835
180
500
628
168
225
26
921
654
548
658
167
614
113
329
969
797
844
354
945
57
688
436
418
205
508
84
862
942
414
821
356
6
86
162
761
203
886
905
48
41
283
810
241
73
223
124
912
182
912
571
869
652
453
380
304
600
135
456
889
617
880
230
34
997
864
717
251
202
92
334
115
558
254
706
7
397
320
884
752
226
449
66
709
213
866
572
768
80
965
382
803
694
553
227
843
456
537
276
356
112
247
813
371
350
54
304
231
16
595
914
27
384
711
296
738
324
93
782
662
284
59
46
239
562
948
912
849
715
999
463
589
837
421
598
675
933
916
521
778
446
780
205
516
670
972
217
635
156
836
516
858
774
633
392
305
851
520
813
665
576
81
783
386
719
362
602
274
663
237
307
768
843
425
116
670
688
402
236
244
274
531
35
254
77
476
573
105
284
128
107
360
337
958
6
713
262
49
550
835
72
343
973
901
279
427
63
503
202
59
768
974
724
28
922
86
988
166
888
713
299
429
651
646
574
409
555
159
389
650
11
34
275
359
939
335
75
35
244
478
338
697
676
763
493
971
887
235
26
205
912
868
940
69
556
746
726
205
25
680
868
762
715
960
453
879
127
417
841
784
747
961
502
996
633
355
800
908
751
733
95
505
459
459
949
521
867
743
982
573
975
396
669
905
184
725
840
745
729
275
29
981
745
965
204
578
389
130
260
633
59
971
486
101
970
446
275
583
493
701
209
300
354
40
808
767
849
234
622
332
803
372
18
739
946
254
130
806
564
429
533
835
120
392
933
332
338
861
870
131
475
655
711
908
139
929
101
880
833
740
851
263
395
640
913
728
316
804
569
687
690
80
145
748
193
698
620
485
177
783
51
505
644
181
925
71
470
336
683
32
404
576
352
299
1
420
116
607
290
776
449
184
32
837
390
279
241
891
539
164
407
89
535
385
94
181
563
516
330
473
788
321
935
543
216
934
907
693
191
856
740
827
754
190
245
27
745
794
342
744
408
891
659
551
146
616
791
617
33
576
479
748
11
415
797
165
888
358
170
727
953
352
163
348
837
506
161
107
644
474
166
440
14
357
230
505
663
384
782
794
612
28
516
920
964
564
199
593
303
982
387
54
44
555
797
965
910
903
938
910
490
438
930
551
991
802
56
855
203
831
116
754
55
853
115
209
34
918
533
355
665
295
12
191
110
56
378
558
260
834
428
945
253
329
772
629
594
555
553
571
116
951
477
568
418
324
808
396
41
120
420
580
681
837
391
274
698
518
9
486
18
380
732
443
604
1
127
621
434
782
149
280
326
346
674
453
249
408
478
835
834
991
41
993
491
932
796
264
137
484
496
691
688
432
687
924
279
676
258
10
94
103
829
230
178
710
324
403
578
871
924
710
268
937
359
899
1
129
336
957
572
227
286
257
563
870
209
77
575
827
556
820
492
651
783
412
972
684
975
157
608
331
552
163
688
990
863
771
58
54
185
491
432
426
372
599
344
720
932
606
527
161
576
440
291
394
209
477
171
530
95
683
463
352
358
753
815
718
970
156
261
493
388
155
212
687
933
349
830
459
196
403
308
770
477
346
552
379
444
162
133
693
144
717
399
632
518
929
863
198
575
794
28
604
920
431
429
445
358
698
274
946
913
862
98
538
863
73
747
292
475
219
279
579
298
902
885
814
212
782
817
711
225
669
411
226
474
866
457
275
687
638
832
61
254
394
561
202
715
678
996
352
903
205
233
25
185
141
822
91
926
76
261
757
585
540
592
568
143
496
293
967
569
192
606
425
950
102
261
109
177
82
211
430
336
763
654
759
502
358
624
502
873
239
255
259
541
96
135
452
401
221
895
450
272
134
477
877
638
932
549
549
921
901
253
695
301
379
5
869
680
285
314
389
279
687
483
267
75
298
288
930
983
229
211
222
1
289
697
616
436
788
831
354
143
183
981
653
8
101
417
493
566
741
106
253
783
965
40
654
502
321
452
463
205
290
162
115
732
793
960
709
552
140
806
795
786
273
147
467
993
842
504
61
934
208
606
854
791
139
947
32
515
255
710
341
920
754
88
707
187
68
827
985
696
494
98
595
363
353
491
476
785
626
464
491
999
930
906
600
412
711
96
991
930
195
977
353
695
1
471
505
190
103
912
999
464
630
247
593
583
254
311
682
324
161
440
608
628
641
935
600
865
556
555
446
46
57
339
303
424
37
407
853
552
47
758
544
688
424
983
630
965
318
976
241
111
769
746
128
128
321
406
452
605
327
862
50
909
723
941
918
726
615
676
816
215
904
498
295
687
600
135
963
866
59
532
171
277
640
994
760
220
90
461
139
346
704
804
504
153
341
798
356
607
888
640
841
759
556
158
139
434
39
484
39
846
661
136
613
473
940
159
218
951
177
226
290
90
110
980
711
921
662
966
686
851
879
788
918
245
781
513
359
350
252
690
816
367
221
194
710
778
331
569
112
401
166
453
928
441
820
187
591
517
653
361
253
790
630
900
207
989
442
745
21
830
594
623
748
106
693
991
13
401
593
261
651
328
759
741
269
486
83
538
949
130
769
479
226
186
327
982
707
835
447
430
539
204
727
536
66
637
11
49
143
625
413
610
686
243
878
307
78
76
211
617
21
827
193
781
723
476
110
75
705
169
856
481
429
801
60
756
207
202
770
239
841
246
390
706
819
97
346
742
178
800
117
487
545
942
213
964
731
345
787
360
347
492
824
210
101
987
127
297
47
399
768
625
639
76
819
986
479
447
47
473
348
203
477
972
866
821
707
657
843
622
897
281
516
961
214
462
779
595
327
624
782
187
315
730
222
28
571
479
529
465
110
161
108
942
814
929
588
982
996
480
240
335
166
984
645
396
751
612
248
333
613
314
720
10
49
883
62
142
940
972
16
93
950
538
651
897
258
201
634
642
641
873
321
949
121
660
710
87
725
676
810
842
795
923
511
291
794
885
676
964
131
3
483
802
305
832
425
922
905
894
842
955
768
916
762
906
858
521
914
17
217
962
727
954
809
83
915
56
564
421
245
82
684
976
521
585
320
515
130
732
170
608
964
503
563
467
146
235
722
375
340
630
697
77
601
809
527
291
681
970
751
522
352
281
37
364
221
867
971
988
140
727
529
543
484
924
248
896
380
38
258
678
864
619
228
955
799
776
971
471
496
180
488
130
851
735
845
34
684
499
160
438
262
28
573
341
441
345
256
204
133
747
517
547
706
186
700
576
288
324
394
748
174
213
88
800
190
181
186
680
412
149
523
123
897
191
810
297
867
688
134
457
18
837
332
257
238
624
133
905
471
853
768
404
444
564
853
382
415
363
792
869
438
334
825
655
723
14
406
74
535
874
881
481
867
452
636
307
295
170
187
58
96
40
859
119
785
432
241
790
445
815
989
225
467
640
969
438
661
442
100
684
625
1
66
738
71
234
354
232
379
283
526
742
281
649
651
527
341
373
234
851
783
333
20
389
843
708
446
649
390
666
335
469
22
404
303
845
828
782
485
110
246
209
156
783
234
562
531
450
529
786
792
682
159
990
126
587
394
342
711
188
232
60
133
275
943
170
941
421
95
67
998
65
507
740
927
185
548
172
942
417
61
291
378
829
299
170
733
286
380
306
857
240
966
941
117
352
68
274
435
376
931
415
412
491
307
747
755
531
271
58
34
486
500
947
226
476
109
760
232
933
829
865
74
76
189
176
331
741
365
528
532
209
29
844
372
478
106
336
247
244
68
505
845
502
976
276
282
119
627
10
530
174
819
628
519
727
368
427
638
760
445
430
717
360
200
867
972
476
84
494
746
980
689
252
45
297
456
801
943
362
367
722
860
761
238
780
338
124
248
755
603
736
61
222
145
757
940
354
764
265
807
984
987
931
62
534
531
709
55
698
511
480
771
539
465
937
233
507
490
341
282
686
492
33
474
935
679
355
703
946
773
379
750
700
202
886
790
35
371
96
292
396
610
643
840
992
594
757
977
891
247
333
786
893
788
497
443
239
904
97
626
138
316
11
205
904
153
578
379
879
631
125
837
967
617
312
438
656
468
98
691
510
345
562
687
383
677
375
475
358
581
862
280
142
119
194
159
584
709
496
374
15
106
834
353
263
549
965
333
296
310
451
374
904
202
700
97
344
706
731
303
11
850
172
149
550
398
562
356
38
90
160
614
121
598
235
491
552
701
945
303
503
554
428
71
504
822
639
782
689
331
19
85
497
277
217
722
646
135
822
724
336
183
116
356
506
317
533
920
405
702
183
933
141
830
916
902
716
658
300
61
823
223
576
405
103
350
387
624
860
416
900
634
367
664
240
941
347
139
633
512
822
533
93
320
923
210
163
405
922
217
501
538
417
664
556
101
973
94
546
10
841
399
105
463
394
309
962
386
832
382
285
967
317
237
353
156
211
512
275
87
613
18
597
606
712
563
774
615
917
724
446
495
896
669
8
876
600
740
815
480
854
788
631
344
496
666
434
323
29
763
604
920
258
921
270
455
612
715
217
151
370
478
862
237
858
603
992
490
875
333
517
602
172
854
909
704
181
514
352
382
627
813
660
529
898
16
222
470
773
769
192
117
178
981
908
841
711
212
374
582
88
589
979
768
979
376
509
71
397
411
435
278
769
100
307
840
839
364
617
594
682
600
98
992
156
18
364
795
839
295
976
526
785
348
289
460
434
81
416
748
287
780
691
565
194
812
699
857
9
905
623
755
366
48
326
291
815
660
653
118
667
264
907
88
602
133
585
82
532
666
250
63
568
889
33
672
855
150
877
630
189
905
318
337
188
352
455
987
553
983
83
712
624
664
85
884
833
998
284
290
810
223
536
594
165
976
29
944
421
817
919
859
76
328
997
145
49
800
411
685
513
237
838
782
315
472
558
129
559
753
89
670
165
539
117
278
654
559
554
46
531
972
820
578
777
871
958
272
290
954
617
218
231
951
131
400
969
501
680
828
39
842
231
265
948
648
407
878
932
530
34
721
96
873
788
279
101
214
516
728
237
697
24
16
544
136
179
142
425
554
793
989
258
255
588
317
424
725
982
875
990
211
184
314
520
136
787
524
536
294
215
704
234
947
587
861
439
755
724
321
380
616
782
12
62
209
451
131
973
53
767
28
170
575
542
558
276
577
608
712
649
48
39
755
238
720
314
878
807
882
48
294
298
792
483
24
989
530
690
336
492
586
875
981
532
619
180
572
405
476
458
959
766
51
797
311
653
882
300
533
132
347
950
61
436
595
346
330
28
9
590
672
983
59
116
196
700
939
58
624
911
713
495
904
652
523
738
917
795
230
704
445
803
219
790
506
901
3
668
383
796
641
279
949
907
73
345
720
732
603
972
583
909
106
643
582
352
970
219
910
147
552
299
352
949
127
173
743
165
259
209
922
807
424
44
76
872
803
12
942
653
892
908
503
122
749
63
895
566
882
592
720
179
177
620
318
551
688
335
302
828
53
214
99
15
791
342
100
166
709
152
506
371
976
401
291
234
77
621
57
261
179
229
698
47
496
522
302
776
105
947
495
552
704
406
159
802
790
569
87
47
745
993
626
485
467
178
187
785
291
961
676
310
689
500
512
210
298
522
53
643
414
772
369
814
608
524
382
859
22
414
956
70
191
117
7
407
812
749
111
30
47
910
967
391
964
557
331
302
391
874
231
232
904
388
407
968
468
721
855
469
522
443
472
90
717
768
471
573
27
880
976
439
191
310
62
738
665
968
366
50
787
671
578
862
228
99
565
832
824
27
694
729
48
469
280
401
339
614
766
765
158
255
135
853
676
113
725
824
35
598
759
256
995
51
401
838
545
796
195
718
247
112
194
69
383
363
382
994
9
103
3
40
967
183
618
5
648
376
411
143
631
867
532
739
887
659
824
920
90
293
204
881
378
803
40
564
187
316
29
141
167
283
27
582
80
171
3
657
929
714
802
993
555
143
535
947
364
297
994
404
23
497
241
956
987
825
624
443
249
738
807
886
65
233
162
707
987
660
591
198
625
302
734
244
820
85
278
236
726
416
829
442
902
306
285
454
653
195
512
63
440
393
383
130
538
508
526
683
630
19
410
941
785
642
849
118
182
755
774
447
766
864
540
889
201
715
672
419
722
326
48
404
447
186
813
280
315
178
775
993
860
588
763
694
909
822
245
154
998
402
960
886
545
693
981
558
487
556
764
282
870
830
680
428
404
232
57
148
393
457
507
20
73
953
409
422
917
603
395
541
333
252
530
301
221
557
557
826
440
634
958
438
116
843
890
487
118
123
996
226
178
470
182
985
893
77
88
754
259
544
127
309
51
15
852
669
588
53
233
789
38
774
671
464
204
700
956
604
583
411
260
869
567
187
244
513
992
543
186
30
964
132
145
12
817
212
351
171
388
706
267
619
365
349
564
964
83
775
231
368
674
458
456
244
84
290
386
851
804
150
743
877
925
502
52
878
51
883
727
412
211
18
666
900
1
731
570
788
76
883
126
616
859
408
494
289
909
886
591
121
867
920
50
161
269
189
244
366
84
280
994
121
467
941
483
851
461
651
392
854
667
779
807
831
711
81
989
517
576
804
876
657
382
152
766
132
205
135
328
420
351
113
147
244
419
419
16
931
245
800
655
73
70
3
57
954
147
192
420
663
754
271
381
76
33
420
198
22
742
643
991
119
393
842
372
200
91
895
393
940
537
473
975
802
139
598
510
441
179
136
319
627
613
663
868
312
254
329
372
786
534
367
995
258
270
192
821
558
417
631
993
784
8
770
621
10
772
660
627
162
678
930
866
145
758
975
22
16
233
678
406
700
141
743
352
676
992
81
32
316
373
960
664
80
948
947
886
55
125
624
782
561
911
854
163
960
959
613
192
129
300
987
400
440
831
759
707
704
942
993
156
272
97
379
784
344
317
884
630
217
325
745
653
898
388
230
413
589
44
780
98
380
499
169
177
126
309
324
573
604
487
929
702
413
414
290
230
205
549
824
340
72
857
759
209
204
456
683
677
791
20
973
105
652
375
802
978
504
855
416
843
757
604
274
682
808
112
997
719
945
431
114
504
262
13
934
515
76
14
466
904
299
336
245
58
147
414
677
243
768
798
949
224
151
298
121
10
380
823
478
469
656
83
212
142
321
334
91
250
924
910
205
849
906
505
522
849
388
565
949
174
414
132
549
339
151
973
495
751
882
520
432
421
258
807
281
599
951
291
841
680
276
152
32
419
695
853
558
75
8
431
881
114
856
201
151
594
751
43
74
396
667
812
482
998
166
523
818
549
76
38
333
716
539
776
824
152
118
384
649
495
575
128
224
786
671
374
272
459
854
258
621
837
494
48
570
300
647
379
465
870
877
818
646
48
558
409
688
291
245
473
946
644
67
202
393
685
743
538
173
602
982
858
187
587
395
793
175
886
418
637
324
145
236
336
326
614
399
465
148
773
233
371
371
605
38
750
344
401
568
592
497
989
707
992
273
922
709
853
454
40
894
870
67
860
776
213
285
117
377
793
216
669
178
322
490
459
145
430
530
5
773
783
209
570
660
369
341
711
565
538
617
596
91
42
242
139
708
605
467
926
594
213
285
332
953
393
854
966
947
53
755
420
33
378
831
430
951
916
862
408
959
495
508
167
157
597
561
651
60
879
628
231
744
938
269
946
139
146
288
448
767
603
785
423
768
49
616
872
160
357
4
121
194
508
157
446
393
859
439
336
493
628
546
484
278
91
775
682
332
459
126
333
749
859
255
255
944
606
86
544
835
850
722
92
484
23
707
226
691
649
791
688
164
574
974
394
775
395
489
845
271
140
177
855
250
244
926
55
400
669
84
295
340
692
198
744
32
811
852
332
54
960
671
409
571
893
43
997
480
712
592
242
947
896
754
765
193
265
455
951
569
86
402
879
504
698
192
53
478
292
548
991
998
132
6
498
439
910
241
267
498
317
348
835
918
275
434
405
158
532
392
759
666
535
665
356
487
317
924
965
38
665
731
503
521
813
592
217
652
572
791
531
947
662
29
85
74
691
832
389
761
678
943
303
202
250
487
74
378
137
641
484
412
551
199
222
696
378
319
361
957
331
975
4
993
132
490
902
177
21
913
317
660
688
766
365
588
372
495
938
44
963
491
770
643
602
561
716
455
187
665
91
887
446
68
147
360
777
498
189
127
77
180
639
476
729
709
748
195
569
895
262
650
697
18
33
968
425
944
958
529
865
495
995
146
552
272
253
843
761
527
25
897
55
668
864
23
944
191
181
585
488
25
600
327
44
291
912
474
52
171
520
128
548
658
612
345
954
909
420
577
828
461
415
515
367
234
442
331
426
453
43
800
357
219
155
160
829
605
841
607
802
273
198
319
743
505
375
781
635
265
472
971
774
157
498
849
623
25
806
470
440
223
644
668
452
781
400
42
11
653
994
735
205
704
966
118
883
437
528
762
592
387
116
223
701
143
679
393
584
296
68
47
679
875
887
455
758
669
889
804
757
286
576
457
597
271
464
180
788
337
630
565
771
55
605
31
831
262
476
952
327
932
677
133
47
249
165
456
962
943
531
988
938
639
160
990
334
605
441
702
363
420
124
372
328
687
938
807
442
365
702
4
111
29
198
237
733
112
152
164
762
321
577
891
891
204
237
416
801
942
982
984
302
296
900
206
433
851
519
701
196
396
614
913
791
481
270
939
881
957
131
773
121
717
466
232
398
396
332
501
630
165
687
408
733
838
360
179
345
385
827
943
988
428
212
57
739
224
898
54
469
670
725
744
244
948
912
624
658
841
914
121
507
664
195
721
462
731
806
62
580
198
797
290
109
671
599
517
487
540
62
630
213
940
947
473
317
38
644
842
509
159
403
123
666
40
664
58
838
296
71
933
513
829
758
151
843
111
892
616
841
734
575
405
123
989
532
254
346
730
901
255
756
412
719
287
449
452
390
230
631
246
531
329
35
245
606
518
197
143
694
386
119
860
140
172
423
796
772
647
892
70
402
539
432
492
674
321
95
716
344
386
366
23
863
167
980
417
880
190
70
274
726
900
954
366
657
898
335
392
753
505
859
2
762
520
564
706
813
231
643
775
361
223
87
562
558
179
49
734
605
604
195
191
786
984
65
738
302
35
611
201
953
964
708
942
239
266
735
311
795
983
840
710
976
315
283
495
825
893
168
415
960
607
645
126
276
416
170
152
876
264
517
158
855
394
268
432
599
861
701
246
30
616
876
8
108
536
490
418
382
331
539
917
311
997
632
345
952
315
325
336
223
908
558
171
522
206
483
624
826
804
119
532
292
348
799
186
992
240
828
220
350
26
865
520
665
928
640
872
852
519
287
348
995
65
550
348
812
639
268
29
553
31
848
343
895
579
472
362
481
626
691
745
360
207
3
225
438
612
251
903
847
956
38
846
529
478
570
513
55
211
983
431
997
488
734
334
264
372
323
551
98
868
253
272
479
574
732
611
432
170
870
940
91
638
971
570
5
233
847
543
703
431
219
110
219
210
581
369
226
657
590
985
123
382
139
852
446
695
257
370
673
840
590
371
261
345
118
414
553
194
455
91
86
630
941
193
764
393
955
26
236
562
312
687
674
662
20
15
332
774
804
40
735
436
1
115
852
851
656
551
664
824
798
530
95
803
940
634
549
129
552
563
86
75
70
528
869
922
33
231
21
946
267
573
599
941
842
739
800
496
991
930
9
95
83
620
80
945
465
445
512
632
737
887
454
53
884
685
562
716
911
666
922
760
687
609
371
436
50
83
98
429
883
536
926
619
844
177
333
981
414
546
568
370
23
865
829
994
25
827
526
887
572
238
478
544
251
902
672
910
660
86
801
991
153
201
192
698
955
819
606
278
948
607
331
61
49
959
329
459
825
129
959
941
204
607
939
993
263
768
769
448
125
903
287
864
993
860
264
570
797
316
993
142
828
142
448
272
804
20
918
257
562
560
315
19
716
160
728
294
86
853
660
256
157
427
4
452
453
286
664
455
73
509
313
52
644
943
530
118
153
561
817
193
392
379
814
190
377
899
50
505
606
637
595
654
45
503
541
763
879
403
843
911
913
752
438
894
568
372
160
991
948
947
193
138
739
377
795
476
689
237
162
529
448
401
704
737
323
591
46
38
601
856
891
419
701
853
963
919
211
970
18
53
464
909
313
747
396
157
735
356
372
959
940
130
90
495
600
612
198
22
923
460
400
851
312
259
462
546
792
85
528
948
799
340
185
488
71
198
58
647
286
689
56
873
662
744
332
4
597
465
607
582
18
116
752
945
354
881
961
467
175
964
96
652
2
118
622
710
742
120
134
464
489
2
804
583
717
734
925
454
420
578
906
281
983
340
379
7
350
961
58
739
294
235
441
591
652
759
512
679
549
966
679
737
894
145
319
19
892
122
142
728
569
338
166
705
251
858
743
974
687
183
431
908
687
32
485
819
120
514
664
151
266
905
599
981
917
81
14
125
419
855
621
333
224
256
446
1
818
808
214
108
392
861
424
590
840
839
791
510
127
847
643
930
838
375
535
332
791
483
619
247
290
972
411
377
80
630
400
910
226
464
534
706
417
339
314
923
787
597
959
392
369
8
318
659
670
192
987
376
422
528
665
791
993
455
47
217
682
695
91
852
527
804
808
179
21
394
513
175
862
227
918
148
362
714
372
477
593
126
299
86
770
116
432
600
58
316
108
740
978
455
447
446
637
348
974
800
849
557
333
364
584
454
243
47
825
784
21
49
847
901
979
721
429
303
995
458
706
757
565
2
249
252
247
268
793
619
272
738
983
317
471
763
910
262
239
348
953
78
482
266
582
106
60
929
638
390
152
552
717
856
227
356
591
618
746
288
415
609
962
681
386
395
557
206
355
101
29
80
227
649
795
817
332
903
361
167
416
88
17
228
235
259
459
313
878
344
869
200
295
58
607
244
193
169
142
737
874
163
35
302
735
100
499
371
370
573
496
415
577
649
923
867
197
604
248
192
401
607
134
799
181
733
69
963
231
857
228
777
799
558
884
61
677
699
31
137
696
697
489
443
654
586
813
195
163
656
491
436
340
551
346
608
594
33
355
470
505
155
404
787
62
800
157
406
858
483
183
808
125
915
330
116
424
878
657
332
961
220
286
984
475
500
502
811
187
759
900
736
566
233
947
22
809
905
350
69
694
115
111
637
628
918
571
533
267
670
997
806
855
888
979
488
674
666
683
920
730
600
613
622
694
261
146
377
586
723
43
227
153
595
27
252
956
88
936
246
50
737
75
302
703
603
266
897
679
596
833
807
406
336
203
567
758
648
698
917
346
428
823
422
504
57
409
122
204
154
208
272
219
590
683
279
602
476
261
271
526
948
522
363
118
309
940
887
211
731
497
603
269
979
401
169
526
964
160
327
902
358
885
153
638
704
763
730
609
264
958
831
415
475
833
614
766
453
200
480
506
948
72
813
652
239
445
909
880
125
367
417
983
947
53
82
633
101
122
361
602
84
920
345
741
819
933
118
217
493
222
480
331
39
451
524
973
70
435
420
282
235
444
153
966
466
151
738
921
568
716
855
256
169
626
111
650
563
168
829
774
597
825
307
974
187
154
504
119
439
443
151
917
598
191
593
618
606
703
193
663
67
723
466
21
195
778
148
484
287
362
51
214
236
636
798
683
361
473
668
899
289
894
324
80
860
939
273
519
29
729
163
328
248
455
628
35
89
373
226
600
396
560
28
342
259
664
264
325
702
733
434
189
808
731
641
888
474
986
947
105
204
632
476
161
208
630
548
166
607
124
346
112
454
342
801
199
922
46
558
301
521
936
115
222
216
465
922
44
286
420
202
400
313
703
392
362
682
627
930
354
226
119
512
190
471
567
881
988
187
870
425
163
566
595
508
788
764
800
426
702
824
850
67
582
427
432
112
596
950
909
85
406
418
31
306
935
269
468
65
506
853
318
184
65
419
882
422
313
961
869
767
366
222
385
125
343
882
124
998
571
473
915
167
829
338
913
409
318
427
841
515
65
187
304
58
543
961
543
764
590
105
309
323
423
674
735
121
373
486
843
97
709
42
673
983
116
647
279
543
940
809
346
749
958
25
378
268
606
528
289
319
871
716
319
15
976
686
770
680
310
42
296
849
819
74
939
757
509
34
925
255
375
610
193
470
20
488
838
489
181
732
917
54
76
997
91
311
867
212
439
378
686
11
567
888
521
861
916
722
792
507
62
206
46
679
5
547
696
849
607
83
647
543
273
434
708
668
364
19
842
719
403
958
43
45
1
892
848
264
154
459
955
102
262
601
550
372
369
894
90
268
574
685
348
275
941
549
962
763
394
558
997
595
825
814
112
752
211
468
885
967
587
575
617
755
744
391
68
133
303
892
419
889
427
905
951
217
973
389
874
820
49
732
487
573
493
435
923
615
675
384
87
439
932
618
848
969
937
587
850
751
674
167
684
12
797
546
209
647
438
527
844
350
150
364
239
333
392
883
345
839
461
29
257
430
431
28
952
950
39
697
23
379
906
763
916
978
323
828
378
920
657
270
581
99
94
946
724
479
365
804
156
762
476
228
487
945
913
785
997
213
19
994
949
716
954
782
527
631
628
9
940
528
920
309
306
208
170
829
274
654
721
788
183
539
385
512
562
490
440
63
832
554
687
473
14
571
580
672
227
742
487
312
186
260
888
153
61
89
360
751
209
421
576
746
547
654
779
66
957
74
886
838
309
367
942
53
120
656
607
872
174
703
50
260
959
914
399
189
250
917
79
910
563
535
999
865
955
603
788
409
22
339
720
165
567
571
156
603
218
249
264
373
340
855
625
201
940
580
208
85
46
548
643
254
767
178
793
465
126
117
229
650
404
941
576
953
703
710
315
672
205
259
733
542
812
661
298
141
285
347
620
758
46
485
563
551
839
219
427
502
757
145
670
318
769
443
629
327
690
29
463
304
873
776
556
614
289
694
706
827
52
942
918
232
962
678
782
658
47
754
222
238
950
395
194
348
471
556
167
53
277
176
142
289
465
647
835
505
730
527
34
361
931
402
721
931
269
979
176
260
587
250
976
918
335
472
239
244
190
792
282
746
666
777
676
552
18
550
56
538
792
538
99
883
776
488
954
719
567
854
793
563
145
116
793
305
851
9
189
232
526
274
484
945
551
215
561
751
337
997
53
614
892
255
520
168
718
351
131
901
763
906
775
126
472
540
41
739
376
295
701
221
418
966
927
192
450
10
692
409
754
340
846
273
617
140
163
307
437
621
890
628
843
833
263
395
60
65
702
938
559
302
593
172
606
424
377
768
949
654
990
813
675
374
288
508
389
727
274
617
364
9
666
364
995
989
873
579
63
272
59
685
582
564
200
216
321
147
306
282
586
687
679
186
180
997
182
243
154
664
280
728
883
419
74
847
640
445
406
748
99
577
502
69
687
96
6
698
448
514
421
612
699
354
741
21
215
135
646
88
859
305
114
7
450
844
997
200
148
360
313
520
922
125
103
941
576
683
560
567
402
785
966
42
25
482
272
524
881
344
563
980
502
788
784
369
520
296
682
65
735
66
216
49
714
778
555
262
298
454
851
37
349
138
42
214
565
784
939
434
651
654
782
316
851
388
224
374
14
443
445
863
912
659
841
720
571
557
923
804
215
22
259
362
45
253
501
87
552
770
499
690
657
504
345
264
703
741
670
156
719
182
797
471
682
841
87
790
998
491
771
613
502
962
490
630
401
235
914
630
967
559
18
522
988
646
828
76
651
881
154
78
839
832
193
719
322
403
735
235
573
788
754
683
43
404
963
416
950
297
172
758
265
726
658
367
786
984
723
598
880
838
972
838
89
409
137
789
126
603
607
586
185
11
763
928
910
179
82
97
128
325
756
257
630
540
434
344
991
940
905
903
2
562
940
627
543
137
909
677
34
823
307
984
490
563
879
460
882
502
251
563
281
488
384
347
285
793
365
283
699
794
503
310
255
672
484
812
899
960
706
426
901
992
542
978
562
35
507
987
826
468
561
525
423
29
885
399
493
522
401
204
807
336
723
565
22
274
791
932
317
187
743
228
998
533
970
53
140
521
118
990
784
505
91
471
794
153
902
407
354
789
591
755
295
668
444
358
172
415
655
22
6
917
768
36
918
371
587
803
326
395
35
82
919
498
32
641
841
874
412
719
409
92
430
719
855
779
963
557
720
889
433
329
28
17
155
272
21
394
306
281
457
128
763
40
58
805
81
969
695
638
604
115
319
256
515
137
168
213
996
554
238
324
966
14
929
713
212
991
18
577
571
495
832
940
378
424
716
398
198
538
280
359
117
308
370
508
244
146
184
205
745
70
89
650
300
953
184
429
164
778
686
3
907
137
264
850
780
629
394
633
306
773
140
244
82
752
869
483
688
584
862
333
526
796
237
810
218
378
899
748
600
204
988
603
402
356
29
377
814
288
418
245
812
904
136
390
752
672
411
493
450
238
166
267
325
44
620
403
925
705
820
971
442
683
300
375
953
647
390
240
738
307
556
138
123
749
287
768
819
429
854
241
373
499
253
602
692
17
913
393
389
688
684
47
453
881
861
979
660
359
581
709
809
652
743
199
842
405
645
447
239
494
303
234
496
197
836
146
802
41
250
6
296
474
319
313
499
827
979
897
780
253
878
899
244
51
260
271
64
38
92
349
914
119
638
150
39
3
524
740
885
56
166
406
404
268
206
525
738
360
252
182
699
306
734
355
755
243
624
5
488
828
866
753
697
312
524
653
804
229
860
523
829
880
253
175
230
311
83
787
644
434
501
463
169
444
524
841
554
669
222
179
142
811
164
951
798
503
269
521
643
478
498
519
718
886
636
532
771
632
288
228
112
7
765
933
927
751
297
223
205
184
233
192
678
519
902
989
123
102
911
676
665
913
499
350
142
918
941
542
722
30
334
639
463
445
139
628
311
788
396
202
785
284
970
303
137
423
858
746
663
809
685
646
276
148
47
233
303
334
359
155
242
246
685
263
383
145
176
794
391
478
610
338
755
718
120
317
541
987
910
840
426
313
996
318
944
131
365
291
402
954
292
7
803
61
539
405
381
649
360
652
662
136
886
306
689
696
333
257
538
510
863
615
140
883
529
531
911
978
518
271
100
946
811
570
559
404
699
885
379
216
239
286
377
575
570
259
859
296
18
302
686
527
335
8
781
163
354
501
569
867
169
885
175
44
616
24
36
956
769
477
11
551
160
65
479
610
949
582
606
529
907
420
89
139
298
79
536
73
580
78
422
228
610
340
498
907
23
768
552
679
156
540
969
181
414
48
685
266
769
150
158
588
62
797
162
484
695
442
885
163
711
969
641
694
306
590
582
250
851
578
646
827
566
45
6
125
676
688
663
637
409
25
871
674
846
135
982
955
49
892
458
821
342
957
689
299
220
617
872
84
540
180
912
840
146
432
131
585
753
357
310
237
862
986
678
314
630
209
869
483
481
20
317
540
138
988
265
797
199
385
488
188
662
559
605
303
922
314
940
392
638
287
820
437
287
40
34
149
160
412
572
633
209
31
863
666
166
632
261
508
819
57
123
901
140
178
252
375
536
144
924
21
85
155
217
142
403
742
258
892
538
122
753
744
926
357
73
294
762
601
462
573
723
608
120
513
166
634
291
444
734
21
341
482
967
204
19
725
588
812
949
856
653
228
605
0
353
112
132
175
624
551
770
872
42
662
520
339
329
363
750
684
633
693
891
584
984
44
458
112
138
909
434
330
679
188
144
187
237
235
411
137
811
183
970
23
52
530
807
724
278
680
623
766
606
793
171
845
26
380
933
882
163
662
773
795
265
475
413
238
85
574
377
775
576
323
763
965
763
782
129
272
913
366
335
733
307
975
67
324
914
294
568
644
846
193
772
44
938
913
435
56
2
185
163
945
909
897
190
295
49
799
637
183
838
960
870
620
517
346
878
644
553
820
200
873
852
357
42
157
369
702
531
303
771
337
864
146
759
771
378
320
272
919
408
622
358
459
865
389
225
873
434
858
573
1
335
973
178
744
230
593
3
556
236
4
730
963
249
357
885
310
75
652
81
234
910
250
322
17
772
257
309
45
77
306
711
713
971
215
69
542
116
881
53
145
563
199
371
72
511
446
594
273
148
947
183
37
335
503
911
266
527
533
128
69
454
603
583
898
836
643
237
638
55
224
821
416
830
722
704
233
164
126
183
739
433
61
995
736
821
619
479
80
564
517
464
500
753
916
880
129
770
667
191
916
724
679
336
306
699
333
856
6
459
511
118
618
952
470
286
119
125
373
970
644
572
909
645
362
345
932
15
330
866
71
825
189
385
238
244
172
453
539
377
160
114
576
891
958
872
605
303
678
620
632
830
130
827
377
973
39
791
179
140
436
434
160
123
500
904
65
223
3
141
281
214
720
826
376
802
660
619
534
941
707
627
786
528
273
637
132
475
100
455
217
355
687
743
78
617
825
70
254
645
185
561
786
48
240
538
996
596
167
810
607
169
424
728
1
313
512
554
92
902
902
602
310
931
717
701
97
810
917
973
746
921
224
243
426
684
763
525
961
522
99
745
264
871
772
77
272
281
183
387
244
311
75
786
713
53
576
396
388
509
506
120
219
436
192
256
213
547
689
418
650
797
927
210
358
234
431
419
319
867
672
833
250
502
417
652
542
560
699
307
969
783
547
757
987
712
306
640
697
181
517
71
154
135
561
666
10
972
402
689
24
444
117
142
568
5
105
166
637
665
641
74
471
836
601
789
53
733
120
114
686
581
959
528
809
999
80
462
711
978
317
326
871
80
157
55
119
989
720
311
936
508
682
291
787
885
262
670
942
106
235
631
625
210
158
306
866
798
162
592
183
597
428
638
779
825
135
990
698
101
482
403
664
772
182
106
147
552
771
87
625
583
376
495
611
567
15
844
381
35
6
14
970
715
789
467
271
788
717
359
85
73
910
785
838
365
100
262
128
925
630
798
582
617
221
53
213
498
575
590
562
343
598
334
108
157
946
437
295
876
185
650
224
702
749
192
550
253
298
216
370
548
263
723
773
945
925
348
397
73
88
382
283
452
708
194
740
643
84
871
863
866
913
330
598
127
714
957
653
715
205
351
766
939
378
293
248
171
405
849
236
875
767
5
104
581
394
463
471
422
202
149
475
27
28
199
532
652
364
400
357
587
711
669
303
399
598
334
533
804
89
499
916
289
513
306
750
147
220
454
985
549
510
832
980
358
749
672
164
811
288
158
726
977
887
815
100
768
571
281
70
752
133
403
241
300
560
856
489
52
315
967
849
608
310
883
420
832
991
439
303
679
356
326
587
733
609
202
778
521
127
30
171
767
2
717
242
851
986
849
513
83
136
441
443
837
149
386
78
498
380
149
347
52
254
893
511
633
419
739
570
452
628
787
948
321
749
546
918
285
908
267
464
842
210
740
229
992
915
145
89
880
339
436
175
426
800
245
607
200
219
314
707
172
973
566
718
515
71
324
234
526
586
131
55
556
825
326
817
264
46
866
816
170
493
924
296
596
359
618
572
957
434
301
270
855
135
79
909
175
999
459
378
127
251
130
778
478
749
842
958
678
15
