430
49
707
812
911
703
387
0
410
136
927
211
946
264
13
658
158
276
578
641
631
72
747
150
583
384
513
596
286
310
244
517
141
612
517
873
243
995
5
305
980
796
732
433
718
939
200
430
791
171
122
892
431
217
967
681
517
887
394
489
58
957
560
357
583
486
304
998
513
517
75
65
647
65
650
559
16
880
566
767
817
605
271
64
214
751
563
944
85
716
915
852
674
590
333
284
777
934
224
746
246
39
779
897
552
876
713
978
465
220
95
304
160
17
476
830
505
165
566
876
929
562
751
957
702
298
64
73
786
479
578
516
951
481
937
995
247
911
784
603
868
180
151
148
78
526
83
888
25
140
556
647
752
323
374
924
784
226
989
518
803
575
862
163
844
563
666
252
94
121
969
280
969
952
419
575
126
485
551
97
556
698
98
868
876
666
31
289
471
92
877
962
99
915
977
873
208
233
184
684
952
134
263
732
730
773
342
479
610
804
695
616
598
164
227
841
940
924
424
996
280
65
855
448
831
885
239
760
0
451
5
313
710
386
564
903
821
375
154
835
62
612
440
546
609
342
666
596
638
916
878
4
802
361
192
430
969
199
542
424
73
648
630
293
754
388
555
661
818
491
229
616
3
230
201
681
56
166
15
620
180
13
866
639
561
533
578
786
287
224
834
33
648
787
696
282
182
207
75
454
144
125
310
642
169
949
416
132
455
44
517
26
436
53
758
4
990
389
944
603
783
618
751
286
926
355
713
316
621
357
965
846
384
945
751
409
927
122
594
249
443
677
759
949
773
971
658
917
705
534
643
557
350
513
358
136
815
225
540
241
37
683
925
373
898
169
525
952
238
890
898
267
81
69
82
895
878
702
412
687
370
349
596
856
917
765
807
954
815
512
488
71
947
720
648
314
445
762
549
675
971
469
316
652
378
98
935
822
907
470
745
333
273
738
758
264
810
126
155
331
454
664
323
813
877
315
862
507
453
671
923
607
69
905
219
43
631
717
397
321
145
456
235
205
669
702
25
330
510
510
470
505
399
950
207
27
398
357
500
600
346
759
633
637
8
823
664
561
769
637
647
242
842
315
566
623
827
215
563
593
612
150
258
314
278
434
359
920
695
918
91
986
943
682
988
466
321
531
249
768
664
493
991
715
160
801
380
235
916
308
464
343
153
529
135
782
502
249
387
69
510
873
221
772
741
559
210
55
67
897
351
168
350
629
470
193
50
772
976
599
37
510
41
585
151
361
518
813
345
609
888
999
969
393
726
249
808
980
568
561
261
912
221
655
868
855
581
841
74
43
408
852
764
804
456
197
659
495
782
475
147
243
202
550
165
938
168
548
667
300
666
797
835
458
647
141
919
904
660
906
207
976
650
67
213
494
789
732
23
635
472
700
651
676
245
138
110
241
179
913
337
874
112
401
502
240
315
603
959
465
732
853
951
155
33
341
704
63
24
907
40
633
54
660
827
132
397
911
172
417
455
677
87
549
224
372
440
292
420
319
189
369
956
404
584
903
410
631
218
406
673
168
945
407
845
419
944
537
519
328
468
345
900
198
251
101
511
483
682
151
936
51
120
364
87
968
941
970
73
249
629
249
979
705
356
393
333
599
636
442
879
820
202
503
274
182
378
780
752
692
578
888
283
553
180
195
737
364
817
830
397
192
492
956
793
33
681
352
560
429
927
416
581
601
563
89
825
460
421
197
318
21
916
939
774
803
952
155
550
965
553
522
273
1
777
520
782
755
577
138
295
283
692
479
324
776
213
526
727
726
626
213
235
524
907
846
170
57
25
129
747
287
552
508
415
181
44
400
647
589
253
482
486
300
103
945
388
986
607
481
69
801
954
343
544
644
174
783
913
924
683
702
782
351
634
578
236
864
469
106
838
352
467
413
627
86
981
135
948
822
633
535
702
218
282
986
920
743
972
67
921
894
558
432
887
46
665
362
804
25
992
761
178
462
705
649
401
172
884
175
159
442
554
347
656
279
663
251
643
839
164
995
944
421
344
791
125
139
515
113
518
730
428
591
547
315
719
423
807
44
827
587
960
836
375
562
681
795
629
290
673
570
946
518
768
767
404
148
141
906
259
840
255
532
481
73
416
842
373
403
423
528
658
776
570
280
867
988
614
189
361
475
601
899
32
74
383
937
305
886
439
437
668
466
853
687
176
496
201
589
221
672
28
156
990
848
633
325
769
333
873
700
893
448
997
429
999
775
973
704
629
284
867
283
499
343
959
130
494
325
994
973
574
344
269
258
193
896
613
820
