637
553
406
864
696
358
832
564
943
640
257
708
452
280
221
233
995
891
125
24
19
635
859
824
23
699
465
938
629
847
455
993
317
772
220
588
776
518
801
356
186
899
164
592
920
344
862
479
97
707
782
417
993
868
843
600
737
137
763
945
776
290
170
296
559
700
666
985
653
23
759
672
309
218
59
356
84
242
849
576
940
663
155
596
437
194
962
166
609
308
399
420
767
605
346
862
324
610
187
560
502
832
592
495
348
491
617
840
25
404
773
436
12
254
572
706
327
628
964
88
286
331
327
530
545
496
264
880
102
475
744
423
650
581
774
75
144
80
663
305
912
177
505
223
843
1
273
737
537
298
829
523
970
670
783
849
427
308
56
707
857
168
55
304
88
86
452
824
287
939
210
622
938
743
455
956
50
240
215
255
210
466
560
815
833
637
652
403
679
698
821
39
593
871
601
427
750
564
329
922
296
367
886
350
48
515
813
242
505
318
600
303
883
329
301
542
260
555
795
751
14
763
243
57
593
845
830
271
958
380
286
228
463
203
46
961
890
670
98
255
672
830
331
817
0
767
832
128
37
759
835
217
105
229
201
733
933
603
212
172
226
645
319
838
955
664
321
239
989
456
877
347
672
49
954
882
747
436
747
495
107
544
778
648
355
551
819
338
610
33
635
636
147
777
422
616
798
558
963
808
356
75
771
119
750
959
404
521
454
678
2
195
135
792
287
813
804
306
629
324
565
927
875
897
796
494
423
880
660
319
385
477
190
543
643
767
552
836
405
144
142
331
337
585
957
6
351
848
199
52
355
620
731
949
849
804
984
724
839
780
662
897
244
558
808
110
8
160
691
794
244
99
427
369
332
588
34
338
920
629
927
480
989
657
726
415
433
694
815
438
242
960
997
404
449
934
210
768
822
33
326
820
692
168
48
324
879
842
865
305
129
550
340
67
891
794
841
342
320
782
775
397
654
198
604
458
477
609
550
355
727
294
77
19
753
909
547
625
257
931
982
928
939
671
490
838
130
689
826
556
691
383
497
620
601
249
971
558
840
583
947
697
82
560
253
781
250
7
752
492
143
224
213
154
777
394
159
550
243
239
837
135
404
569
40
810
129
235
594
51
355
706
340
28
582
171
902
905
636
53
109
132
18
635
726
751
651
147
524
380
173
890
804
659
401
748
545
298
867
29
131
523
754
551
916
333
857
136
984
153
298
587
785
916
694
273
346
555
97
101
905
108
464
537
959
723
910
264
951
521
738
642
544
710
218
207
938
868
580
91
993
405
733
791
620
133
134
120
802
615
784
91
711
656
918
859
909
416
39
899
177
416
370
174
303
907
767
699
466
771
396
794
207
636
805
715
649
445
77
455
993
751
969
427
892
212
895
997
378
733
499
239
667
178
325
394
746
725
499
263
626
393
815
646
910
755
576
308
972
115
396
86
567
484
897
531
893
472
127
5
95
109
76
723
747
637
246
616
674
120
796
308
493
914
92
482
757
440
317
117
525
769
456
387
189
304
891
0
765
77
375
380
899
548
37
768
917
723
378
739
458
108
352
407
383
896
679
654
826
856
110
546
932
254
507
230
31
742
376
949
295
86
22
716
342
917
570
899
898
760
320
55
226
716
391
542
456
501
578
354
149
487
20
444
754
413
299
507
528
336
638
125
233
154
342
264
79
528
863
355
560
271
174
853
621
576
829
937
187
62
432
659
976
783
482
698
624
657
265
436
105
757
434
487
379
335
399
599
668
643
714
60
69
263
837
720
865
931
896
164
386
473
341
162
818
41
503
708
183
476
757
146
862
263
402
814
287
899
488
460
215
514
608
832
95
624
734
217
463
250
912
931
21
312
162
833
118
830
937
286
679
933
964
659
416
88
85
231
516
682
272
887
92
565
645
939
136
682
713
348
164
891
608
237
388
56
179
442
129
624
438
109
397
580
642
933
770
327
82
698
994
737
356
997
2
558
683
49
653
547
29
420
145
726
854
945
484
594
726
794
219
60
883
961
621
637
713
583
922
805
555
296
767
945
881
402
206
412
6
951
681
304
522
316
240
756
714
245
635
457
152
701
466
910
984
393
218
58
701
651
289
16
990
531
17
318
193
34
431
521
485
672
431
470
847
171
26
494
77
106
558
101
905
163
470
773
684
770
270
854
135
50
410
27
908
742
305
976
116
567
990
601
355
566
355
500
880
913
179
826
949
472
146
998
475
383
798
8
51
451
979
278
29
467
325
542
380
632
751
541
554
105
305
38
659
52
837
597
584
425
48
868
506
236
89
217
981
219
330
701
867
21
21
181
485
565
486
829
15
580
306
470
998
933
767
281
469
562
899
632
379
958
961
797
283
859
338
395
3
828
965
365
397
53
492
241
898
524
989
476
174
700
429
521
305
743
787
246
961
477
333
268
195
424
625
525
367
988
704
513
346
695
795
645
678
648
481
462
965
570
723
448
247
997
637
289
159
124
271
621
75
405
238
723
912
787
789
925
666
541
627
265
56
220
915
340
989
948
284
330
388
699
213
639
766
271
502
484
174
237
357
454
210
805
944
175
611
5
566
258
239
23
621
520
230
31
23
0
71
529
292
908
730
184
331
936
37
218
392
377
627
260
165
0
72
960
824
481
959
408
656
267
961
822
686
362
440
147
796
586
199
983
28
623
355
516
163
881
387
376
889
811
236
413
430
876
112
705
434
527
178
468
266
635
948
738
662
242
612
56
999
441
700
191
858
193
202
268
684
748
204
816
410
344
597
30
919
580
374
949
312
876
33
4
843
345
762
870
850
947
804
724
548
231
744
629
297
460
990
62
337
892
69
482
854
109
553
841
66
748
801
199
35
264
421
840
947
414
230
930
660
595
875
928
868
99
192
5
685
217
710
403
385
410
141
262
363
252
577
130
991
105
349
50
840
967
505
376
40
249
759
157
972
557
417
576
60
476
958
317
10
525
687
404
647
476
495
340
484
853
221
594
576
251
139
983
968
657
102
186
280
969
874
37
963
146
67
768
737
570
151
112
40
430
260
759
247
815
15
850
737
717
84
539
695
234
258
739
154
71
894
171
260
209
23
847
351
3
809
146
217
554
118
489
791
216
28
535
960
258
633
534
401
393
168
500
342
466
960
613
539
178
352
522
997
23
431
933
531
140
659
175
23
187
849
139
401
633
499
980
209
155
105
593
667
138
490
895
788
429
410
359
963
844
389
71
366
207
432
804
9
357
632
751
262
985
402
896
266
771
86
432
81
330
282
656
154
203
767
637
352
738
76
851
100
770
162
946
480
868
452
891
316
586
429
414
657
396
15
977
766
14
378
59
66
801
197
494
44
97
835
741
812
752
875
202
831
46
840
605
222
764
210
759
987
768
577
344
360
224
979
391
511
747
839
769
530
235
387
15
866
403
739
14
859
532
86
611
322
601
458
3
3
158
12
453
944
42
590
831
115
910
802
258
628
530
135
736
366
201
312
372
412
908
916
522
324
943
168
912
184
930
796
90
565
883
660
809
207
556
487
345
649
267
143
478
248
776
506
853
407
228
212
615
392
851
948
724
355
849
847
730
965
347
250
781
844
607
558
186
114
785
665
540
636
341
97
632
198
432
181
380
113
257
192
105
421
533
370
959
840
665
551
416
972
568
859
94
757
740
874
169
816
744
637
514
571
473
425
403
252
442
239
734
830
294
30
25
571
489
362
26
835
254
989
592
982
721
342
652
760
598
61
684
433
190
988
600
428
910
315
825
57
355
467
49
188
442
719
943
950
78
532
727
384
574
447
132
683
319
540
123
29
313
210
613
934
909
851
788
690
691
145
62
608
663
66
753
641
642
679
506
968
683
340
673
594
644
890
133
627
92
202
567
102
37
206
554
713
105
296
610
329
288
339
693
885
475
276
204
549
879
259
946
469
130
251
232
286
57
735
590
646
799
243
448
529
171
586
110
549
766
982
962
942
115
903
804
300
369
191
301
771
718
324
738
721
181
937
532
670
277
884
536
171
900
380
64
294
296
406
619
245
685
223
622
281
757
86
961
873
713
311
523
754
29
493
907
673
277
137
362
970
313
538
444
520
203
568
131
808
931
455
189
87
5
617
616
825
647
873
728
278
465
282
357
207
392
750
662
909
162
111
175
89
606
895
646
450
844
64
53
969
753
747
524
411
491
162
77
966
918
571
0
411
653
131
643
182
92
208
31
512
996
633
542
909
723
681
358
868
856
922
539
853
944
105
304
175
620
130
972
634
636
733
647
604
735
104
501
776
553
192
328
599
780
662
630
663
67
805
856
415
54
743
342
529
298
912
305
409
830
426
408
618
123
583
346
795
554
118
840
305
824
231
823
391
553
78
518
883
673
853
657
488
179
614
894
388
953
724
133
376
358
413
208
497
18
401
57
379
704
112
55
835
442
841
450
804
584
621
160
869
310
821
284
950
774
381
686
880
351
751
171
487
481
490
612
838
504
249
907
581
62
657
449
730
327
596
605
893
102
87
140
42
57
85
851
135
185
394
249
25
745
129
705
591
634
177
927
125
728
381
172
264
953
907
106
771
917
866
225
5
835
293
506
364
751
506
633
914
286
638
865
446
590
2
399
269
25
508
368
720
778
37
895
220
251
591
321
189
372
101
945
449
85
870
172
370
460
84
853
480
297
137
133
969
256
154
345
431
292
639
757
658
160
248
209
11
928
597
360
259
791
51
63
111
466
691
691
302
277
586
407
422
320
423
712
995
159
105
95
437
107
535
5
148
259
294
113
894
418
600
923
109
552
841
172
554
422
480
178
529
3
38
272
634
954
555
377
19
188
425
384
869
245
167
441
641
434
433
470
960
85
953
799
563
683
856
64
494
817
381
171
829
318
892
669
479
116
217
792
384
719
289
30
809
538
144
825
756
400
618
949
438
246
96
670
695
107
829
584
225
626
783
750
774
788
17
562
877
81
280
253
514
540
475
669
112
403
499
525
484
454
927
7
961
100
185
761
27
721
17
180
837
677
280
240
469
102
913
687
291
949
795
727
865
4
381
932
777
464
883
656
968
22
277
478
212
324
95
151
692
77
905
729
472
576
225
609
391
90
144
45
187
885
341
2
287
946
148
254
82
139
538
554
781
329
805
537
570
531
677
792
838
71
414
824
414
423
766
705
956
629
129
2
816
902
538
109
271
255
497
612
185
40
927
369
446
899
958
638
113
790
531
259
500
323
604
564
347
846
563
884
486
894
441
185
560
518
909
830
194
228
513
275
581
75
437
387
282
79
206
116
316
347
777
825
57
300
881
844
962
985
49
668
51
200
889
935
411
284
569
277
428
692
584
43
631
911
470
55
875
152
182
862
612
605
595
65
388
207
177
961
980
317
747
881
470
109
138
881
456
753
338
440
727
885
18
942
491
781
508
794
510
596
537
89
354
997
243
620
423
793
217
813
673
338
181
205
727
499
28
547
372
913
693
133
899
160
828
546
713
425
109
344
59
845
994
835
792
337
705
777
978
178
296
299
312
138
696
807
611
540
366
906
546
779
403
811
179
354
420
807
366
791
976
945
868
726
308
303
667
310
561
684
403
96
826
699
168
882
381
318
25
658
313
596
220
206
982
91
705
163
394
702
684
909
547
211
295
46
791
40
127
654
629
278
850
250
7
548
846
979
838
340
997
686
383
779
675
557
361
923
279
646
348
450
219
547
766
662
844
400
910
839
610
81
420
934
178
328
737
148
919
251
782
531
657
489
132
56
551
406
631
459
200
361
210
246
972
702
720
806
986
825
43
649
709
995
713
574
572
848
909
799
115
956
0
907
188
931
757
395
832
291
516
89
882
528
15
506
941
163
620
840
993
152
872
959
960
350
252
521
117
85
50
247
335
788
249
785
559
289
291
910
561
48
566
540
612
51
222
848
699
693
188
899
166
836
594
808
490
891
191
401
569
893
696
493
115
134
618
640
994
234
711
23
830
986
510
871
626
526
469
184
452
396
407
909
992
336
937
172
127
324
629
211
77
208
872
90
515
502
15
853
266
262
822
90
964
442
139
837
48
32
696
667
593
929
500
176
743
117
109
140
555
889
654
252
392
819
949
739
962
445
638
216
538
695
928
358
30
910
637
434
553
205
334
899
825
201
809
662
341
789
37
492
111
208
508
280
575
764
383
818
998
120
986
720
727
152
975
4
563
205
911
438
15
513
457
471
903
37
906
649
582
585
939
201
311
658
764
385
628
951
64
838
596
148
247
371
349
705
467
92
851
569
447
860
64
499
414
475
963
833
109
899
598
780
512
909
519
175
713
633
559
246
989
569
728
119
548
713
815
483
841
442
431
268
77
95
47
353
153
326
573
634
316
453
896
603
172
848
618
132
85
118
450
228
997
56
469
769
861
518
992
625
29
293
810
449
769
94
89
342
188
961
665
421
69
568
334
854
895
737
426
263
25
744
726
319
206
518
185
501
24
778
640
360
159
273
929
377
422
253
441
818
228
938
619
512
819
112
492
830
530
114
442
387
697
425
441
514
855
971
826
628
802
398
349
489
530
324
257
294
918
697
575
307
678
276
756
94
861
968
112
851
516
547
408
207
441
45
418
366
633
769
882
703
653
449
47
889
923
249
913
244
613
215
510
176
196
499
402
856
81
275
119
835
81
533
328
449
917
4
515
293
590
419
716
450
64
408
294
672
751
491
794
369
503
536
22
35
826
715
51
925
645
179
807
791
219
200
344
538
276
893
264
755
878
416
72
248
815
833
513
24
960
987
852
667
964
943
682
318
371
324
811
327
417
251
531
563
675
455
882
532
400
157
338
526
795
409
8
791
130
262
100
367
939
452
623
786
716
512
570
359
853
669
70
110
317
251
939
482
274
593
983
121
503
158
97
845
496
860
481
549
801
481
320
955
903
627
886
222
547
502
735
407
15
458
644
409
8
470
63
822
627
390
558
241
613
591
440
151
293
113
931
179
867
24
427
396
897
120
610
655
478
798
100
972
417
52
787
405
781
545
564
476
529
866
341
887
560
753
542
545
322
628
331
237
675
451
974
633
348
76
150
137
368
516
864
258
386
204
997
353
517
472
700
202
496
363
926
291
48
89
225
771
588
136
723
359
423
355
959
87
972
921
369
460
65
883
620
425
836
83
676
240
187
427
773
46
855
927
41
957
480
51
529
738
661
749
963
433
808
344
311
618
619
926
541
318
241
778
905
339
104
905
80
16
512
666
757
782
738
648
110
280
543
823
838
730
829
302
856
261
306
641
59
439
845
571
140
81
823
126
961
485
708
767
948
849
887
318
484
602
402
582
687
966
453
743
452
97
604
992
727
356
994
824
34
620
208
186
181
48
396
467
547
811
27
388
148
320
924
109
236
344
92
699
99
46
514
19
543
403
866
329
429
351
323
169
435
22
91
152
670
207
968
54
547
902
946
227
45
720
604
254
443
680
886
274
996
764
299
257
572
30
256
461
330
791
528
765
387
881
699
971
543
689
777
59
821
304
671
98
752
430
250
476
606
352
177
640
52
786
555
965
79
708
316
256
897
757
818
873
862
702
206
905
327
918
720
240
387
772
640
70
59
239
314
620
457
467
610
714
805
949
804
790
197
255
366
359
532
961
948
19
93
302
22
883
285
796
812
133
697
383
864
690
429
179
449
504
825
531
517
479
492
554
460
303
450
838
502
567
543
156
535
122
974
142
322
703
213
157
150
431
374
463
325
841
70
182
935
427
871
730
864
450
217
113
113
257
604
792
126
355
793
495
480
525
545
600
846
979
197
592
550
758
87
871
638
396
458
940
572
314
327
457
667
629
640
778
35
816
429
834
544
474
473
331
307
335
707
948
702
533
701
166
735
406
540
221
887
198
281
647
63
429
59
148
151
812
857
703
784
429
30
872
398
517
327
451
187
693
502
304
647
619
426
646
586
25
213
765
866
426
617
777
643
361
879
529
515
697
690
612
465
194
45
304
756
754
793
65
494
790
341
487
721
109
369
670
40
761
942
333
962
835
727
433
532
735
167
311
945
710
460
405
40
709
716
213
237
847
635
663
752
788
987
192
471
46
234
500
778
331
863
345
472
244
808
248
210
738
345
164
935
863
12
693
181
994
415
455
856
721
245
788
406
84
198
810
461
709
337
567
956
620
129
588
311
214
624
351
379
149
758
272
620
992
2
305
261
510
320
752
486
932
487
360
450
549
745
175
681
939
67
38
569
472
149
229
60
684
556
297
675
114
826
675
545
170
602
224
271
303
348
305
626
567
399
729
543
96
229
693
967
781
239
481
334
825
764
319
629
297
883
646
992
551
611
300
334
245
323
549
509
337
552
813
735
286
933
502
733
582
430
586
954
495
969
585
855
306
659
315
935
869
361
756
128
603
673
945
312
974
442
134
260
28
252
880
568
57
159
961
686
674
284
461
748
412
961
114
691
62
86
751
87
116
4
660
840
79
521
264
20
403
705
95
241
590
59
462
101
959
569
466
838
833
672
276
110
637
715
940
753
110
878
625
517
982
480
700
289
775
948
180
580
493
863
83
998
797
828
933
441
976
614
881
755
796
387
549
648
173
223
60
854
547
36
394
511
6
470
983
798
838
710
722
713
47
265
888
978
602
888
391
228
603
638
171
123
198
803
288
654
533
689
969
995
281
340
228
247
849
707
841
447
250
357
867
404
129
664
690
969
630
567
464
613
660
678
908
819
121
500
937
888
222
33
56
203
818
981
682
463
257
605
503
871
422
601
881
881
217
997
635
551
266
408
393
880
287
679
298
523
820
501
934
222
373
483
282
623
183
607
119
899
885
57
238
684
466
179
519
612
325
94
520
627
663
633
721
837
101
875
258
349
136
67
380
360
260
765
493
335
201
213
666
636
913
41
875
804
975
671
718
223
2
177
238
915
226
907
770
431
932
63
370
851
982
57
335
460
866
517
112
210
100
333
318
401
559
788
165
268
700
224
295
920
820
142
667
481
189
365
838
479
546
448
338
363
674
280
28
944
358
519
311
195
11
457
239
269
769
236
358
602
198
352
775
359
425
881
808
463
733
162
267
926
297
103
969
647
849
374
374
24
804
741
776
860
993
675
330
751
947
633
130
33
754
628
137
525
835
477
89
364
290
917
553
48
871
834
50
916
45
790
617
174
183
406
927
322
733
900
565
4
547
596
544
682
578
586
184
146
924
590
197
356
442
133
706
387
476
363
87
463
266
16
57
268
459
854
248
757
204
326
975
541
831
125
831
112
694
124
380
787
870
710
812
354
414
613
305
295
729
489
95
706
825
956
94
305
605
612
87
532
163
701
695
121
130
644
371
654
16
101
682
93
372
888
529
558
884
731
295
360
687
805
402
388
212
139
102
195
603
707
636
630
84
921
149
852
79
532
696
221
370
149
672
653
39
984
794
692
607
646
923
801
890
215
25
872
770
144
89
545
552
825
26
885
974
333
810
855
878
431
611
934
401
841
815
395
178
848
275
70
560
30
95
374
774
680
735
418
91
929
391
291
649
284
491
227
842
685
331
273
352
789
296
793
592
509
362
354
827
178
135
840
824
484
281
449
593
327
213
176
869
78
417
616
571
713
858
174
851
571
477
491
549
188
899
868
917
165
868
83
225
127
648
774
342
967
148
183
607
551
316
172
1
785
812
119
236
129
963
767
503
750
188
252
822
773
366
929
456
147
988
725
247
115
671
746
971
568
938
922
518
359
4
233
543
772
919
608
929
854
199
206
661
134
527
176
681
552
98
189
343
163
449
841
509
627
277
129
337
336
879
371
669
685
983
388
435
627
848
892
912
632
868
455
912
154
361
584
579
245
126
742
265
601
88
239
934
571
744
666
501
232
440
868
685
441
526
353
413
109
796
49
458
22
746
441
323
117
320
319
241
36
953
153
419
618
578
133
502
139
613
267
203
300
675
288
174
428
943
674
772
374
763
924
871
407
475
332
866
279
841
561
798
263
617
166
485
851
672
915
0
715
860
590
707
51
225
363
590
60
316
970
797
492
703
544
750
12
632
780
221
160
608
447
382
900
400
650
794
991
197
27
155
48
574
612
720
920
998
244
73
912
612
664
114
702
814
79
841
806
558
996
249
560
361
680
976
207
956
464
46
373
485
205
923
241
690
241
222
656
902
494
823
583
705
795
622
376
611
912
102
503
219
446
229
490
644
45
904
672
866
632
978
435
216
810
751
822
821
477
834
188
921
989
888
377
736
849
287
395
211
452
875
42
434
921
319
190
96
533
437
562
290
363
434
762
542
637
87
241
941
332
68
901
43
512
418
418
968
777
237
382
261
446
846
185
45
588
311
26
795
833
976
864
755
330
788
623
394
193
172
648
198
214
311
437
390
287
981
475
151
517
372
201
17
486
513
969
619
635
598
29
687
982
711
329
748
345
666
716
725
241
819
276
261
173
451
413
216
828
143
627
225
606
888
540
714
382
510
507
795
244
703
67
349
605
448
248
458
488
738
163
497
684
373
480
493
740
101
34
147
592
777
174
796
836
534
130
741
16
328
507
935
777
132
416
440
554
470
337
614
0
533
645
144
835
934
971
675
897
683
341
802
530
723
234
238
820
534
648
826
154
547
768
51
469
527
370
547
624
962
976
861
177
859
278
165
664
782
373
945
133
660
203
621
237
515
948
625
202
578
84
706
515
9
345
800
637
426
498
311
279
475
177
744
165
827
420
480
568
311
960
952
449
446
260
157
831
936
708
239
596
959
244
944
682
555
577
663
187
545
877
203
967
886
871
859
697
474
1
631
655
723
781
770
220
829
847
875
257
926
348
276
548
199
425
297
544
198
185
180
906
545
787
115
24
271
315
185
531
86
503
971
766
672
143
785
873
725
733
240
46
930
100
591
193
803
338
592
972
806
915
880
207
426
669
189
514
31
642
976
998
355
203
447
554
442
149
376
52
986
539
517
992
395
558
326
524
308
121
936
691
240
669
677
490
441
739
279
738
314
566
36
332
45
744
719
80
68
432
435
654
290
7
509
166
519
921
570
974
565
576
668
330
60
735
361
983
685
86
387
719
526
973
461
155
28
719
665
776
60
11
643
451
210
387
481
510
6
100
794
436
204
621
248
805
19
943
899
393
159
15
15
18
21
711
215
51
522
107
635
232
865
316
375
274
250
753
844
223
987
42
527
331
459
742
789
962
628
190
601
237
398
971
38
582
37
307
512
631
348
129
196
237
354
310
983
4
829
552
667
897
803
989
13
571
116
171
281
382
506
480
52
903
687
46
891
244
283
145
471
274
459
300
384
172
183
531
846
400
619
777
615
462
715
796
866
854
69
247
185
36
695
562
257
362
786
528
439
697
706
466
917
345
835
908
876
638
793
325
242
228
425
37
249
472
844
716
599
439
60
482
282
267
811
596
391
996
501
538
634
774
795
646
189
371
483
631
771
850
394
185
996
294
621
95
689
72
844
555
240
911
679
23
367
597
473
688
290
84
51
626
598
231
163
82
158
986
785
78
753
55
919
164
223
753
965
622
479
593
59
783
845
915
518
262
484
945
472
34
831
713
466
361
379
178
353
145
517
106
787
542
342
818
666
8
743
116
865
270
797
517
516
566
8
854
197
665
969
47
930
615
106
253
415
258
61
58
241
90
510
681
456
635
785
563
889
329
866
587
368
104
975
724
298
244
998
781
850
921
335
997
682
262
33
405
984
635
883
627
638
745
750
641
321
830
941
306
64
325
525
303
612
462
605
699
97
242
625
572
212
991
195
149
544
189
308
196
98
925
201
221
662
698
755
561
803
683
979
377
164
639
541
89
663
368
309
207
3
388
801
298
477
90
517
224
419
725
999
567
491
518
793
663
73
899
478
773
315
311
289
849
957
736
651
125
983
772
346
479
305
463
637
729
927
903
562
808
238
212
543
127
274
402
464
803
592
212
419
793
747
211
341
796
913
762
381
214
511
550
322
583
459
5
437
776
318
189
484
631
555
100
291
289
995
726
710
967
945
23
938
711
231
113
387
116
647
488
420
370
820
933
354
475
514
377
576
372
523
451
338
254
281
537
663
187
89
734
983
561
968
886
109
44
318
449
672
307
271
554
721
893
766
559
376
309
740
407
582
104
102
679
599
885
210
937
736
371
511
310
83
669
574
901
906
39
435
942
137
356
490
273
181
632
962
949
821
770
208
185
4
871
535
529
760
519
457
301
964
242
277
594
347
247
129
256
643
779
770
164
478
336
873
606
259
347
698
398
101
734
588
562
964
49
25
73
235
922
877
513
364
808
841
83
267
844
297
461
438
739
767
351
782
660
580
416
600
160
461
209
397
593
632
236
451
370
773
511
598
349
630
230
271
17
370
19
560
370
576
643
496
109
402
214
910
600
409
951
675
401
733
10
507
685
649
124
830
291
837
534
703
169
997
148
934
863
331
591
678
884
452
675
257
391
579
656
561
972
514
766
21
516
888
540
153
472
102
660
847
947
192
805
48
591
204
601
631
908
956
557
133
684
458
1
379
240
271
763
527
147
890
451
316
868
25
699
557
988
853
986
314
439
153
229
902
327
987
70
429
445
92
1
720
51
630
498
246
716
247
144
641
780
556
944
951
380
416
990
420
580
119
785
792
866
308
814
108
523
928
274
914
318
582
688
67
587
240
234
470
800
746
201
313
965
807
453
424
47
574
979
147
243
34
548
74
501
170
701
374
151
719
427
955
44
593
467
723
592
172
920
147
61
272
94
799
507
804
127
123
101
951
205
358
330
49
480
855
548
787
907
424
0
259
900
307
967
767
743
190
871
213
10
411
198
779
40
442
723
171
888
234
714
200
39
363
182
375
283
356
18
632
145
720
319
142
17
360
273
152
637
884
458
803
335
413
137
798
745
993
90
927
850
994
716
174
877
561
463
322
572
888
517
747
115
808
743
156
92
955
398
384
22
829
279
451
944
6
350
996
908
665
33
156
156
462
710
553
797
555
348
177
625
994
244
612
833
695
806
140
756
171
976
42
445
231
29
924
617
985
528
452
227
699
927
724
958
679
149
510
15
377
160
861
534
420
364
732
482
454
659
58
501
596
994
699
130
46
148
726
413
592
777
738
548
260
761
404
999
649
578
23
739
975
714
324
626
371
933
543
149
508
390
308
808
121
982
133
438
994
391
124
614
319
228
560
415
624
802
849
208
791
46
118
354
801
500
16
53
400
80
218
720
520
485
245
251
187
555
319
429
446
322
902
909
950
65
411
159
877
861
264
257
489
394
780
89
197
716
199
470
788
501
730
292
864
312
776
508
899
570
435
339
547
558
0
247
138
518
681
743
425
339
2
760
105
125
192
130
278
192
60
237
601
434
493
140
244
863
821
837
540
227
388
999
618
219
207
386
705
816
26
490
36
33
560
639
473
53
323
763
538
88
23
793
591
314
339
719
394
120
8
364
236
480
411
747
898
238
719
250
609
14
889
436
21
893
81
6
248
580
931
91
500
310
349
52
294
530
475
993
853
746
534
281
931
191
291
436
98
807
252
481
570
596
240
157
812
551
858
787
840
538
869
785
777
337
989
61
399
970
183
139
584
526
106
985
35
414
328
337
554
399
356
652
0
796
273
233
428
805
157
794
988
785
697
491
635
404
163
489
700
784
145
609
303
129
118
258
889
982
119
947
148
156
33
587
16
629
684
630
918
571
49
353
395
916
208
551
35
515
298
799
64
495
445
104
500
337
189
337
982
201
156
913
93
775
369
426
546
319
244
439
755
248
896
376
347
730
572
220
512
147
589
164
397
353
636
450
570
735
54
660
767
838
127
243
280
308
390
189
618
996
952
542
444
94
438
580
885
618
521
401
902
311
692
833
516
414
928
844
169
749
649
645
184
26
261
387
947
503
462
592
155
430
647
627
855
547
121
686
97
589
805
638
880
593
208
414
390
735
800
708
422
101
508
354
341
933
20
261
35
707
805
156
603
346
950
650
444
999
110
588
801
439
782
146
385
501
72
796
445
471
169
425
442
729
454
764
595
300
781
963
81
386
566
504
161
398
16
658
975
225
813
384
816
680
703
20
42
648
779
603
130
852
826
482
104
257
28
605
531
848
783
590
144
951
686
669
346
437
289
752
949
540
309
414
711
848
399
622
765
641
126
928
299
216
623
152
5
119
626
988
340
576
211
816
255
707
901
28
283
93
470
937
960
8
569
911
407
240
697
372
794
920
430
22
248
191
516
874
463
482
706
589
398
717
921
849
514
97
754
982
711
983
926
669
644
815
722
830
499
770
630
817
53
667
698
591
888
573
129
143
843
471
922
101
275
282
250
773
543
164
110
645
627
922
778
583
673
822
433
135
350
89
625
324
996
507
992
74
787
196
490
849
283
944
254
302
332
950
779
960
958
521
32
848
514
416
903
119
501
575
238
531
334
668
199
668
394
845
911
124
104
559
694
545
945
907
129
835
140
114
429
913
19
895
908
285
566
18
449
245
239
484
163
736
991
175
213
465
959
190
550
789
648
708
84
779
232
787
298
844
576
396
175
648
678
38
751
14
583
130
208
768
582
980
732
224
159
202
463
467
475
396
57
247
825
133
658
773
14
257
859
130
540
457
931
832
480
244
593
875
712
764
690
285
232
703
227
406
380
952
135
104
528
692
631
490
995
744
250
779
488
210
997
367
173
885
996
997
90
826
995
581
140
617
930
631
92
125
601
354
297
698
927
249
767
643
440
830
482
379
46
340
776
610
641
670
45
871
497
686
612
197
815
920
107
25
137
994
142
17
597
576
354
921
728
336
141
472
977
930
252
280
366
705
80
304
214
29
776
771
771
266
439
270
850
444
684
866
611
864
46
155
265
30
460
115
192
253
195
647
87
943
549
846
982
605
594
255
361
463
379
388
673
820
179
935
141
828
820
614
228
876
712
837
990
443
899
728
814
178
450
287
473
189
45
983
190
440
388
7
440
777
304
52
452
523
771
722
212
199
158
150
836
83
793
101
415
520
473
236
478
356
528
14
650
180
600
167
692
367
186
6
671
75
466
559
602
829
5
252
396
661
116
119
737
383
960
978
882
532
325
511
371
797
669
659
51
941
833
355
977
188
490
16
685
265
541
902
526
900
410
980
486
551
282
427
598
235
172
915
157
540
780
763
455
34
746
772
221
109
765
12
491
613
157
99
753
755
689
842
384
573
42
11
366
85
330
220
926
19
181
934
186
392
707
608
975
496
269
429
378
939
266
475
945
50
972
850
528
983
206
986
222
583
756
294
720
861
627
213
985
795
830
450
291
699
665
944
184
91
969
385
309
766
889
643
627
891
37
167
984
826
677
817
933
556
395
695
216
809
743
651
705
617
835
537
760
196
890
914
442
202
231
832
549
252
722
546
51
810
378
866
471
958
333
367
499
720
117
765
632
391
293
176
232
303
263
662
618
167
391
923
967
369
763
211
361
879
113
48
115
944
397
461
928
86
212
442
489
255
844
599
251
278
618
190
445
415
259
604
184
614
811
972
344
126
146
257
167
241
257
886
850
955
238
46
159
397
921
664
521
520
114
913
277
244
778
548
318
160
248
977
817
47
984
882
527
552
416
444
8
292
546
784
41
551
740
652
851
883
591
492
860
71
988
669
383
154
911
362
270
761
277
125
92
738
264
81
979
170
24
156
434
324
396
953
392
557
372
651
318
625
701
748
998
599
782
86
1
647
252
890
287
31
373
695
52
518
413
140
543
473
946
551
892
131
37
361
177
968
858
158
824
690
515
994
615
849
959
217
496
237
993
961
609
442
941
730
670
715
616
459
398
634
860
179
718
513
340
775
464
380
351
20
369
693
288
884
808
603
697
183
342
756
665
302
84
67
795
50
666
875
421
560
825
794
523
875
283
888
376
865
850
382
400
331
222
437
119
891
504
158
162
155
986
361
911
679
66
365
884
661
391
411
555
967
96
999
493
129
315
60
313
604
602
763
989
72
161
448
971
851
779
204
430
615
579
932
651
704
509
365
3
46
454
926
741
646
148
721
581
474
819
694
82
447
989
939
697
871
259
505
739
840
670
481
758
362
499
125
475
623
306
169
787
244
789
799
765
202
478
155
513
424
603
418
491
801
655
263
49
166
653
887
922
779
124
528
684
261
608
105
371
469
508
71
277
478
334
374
786
239
69
955
445
684
34
494
319
214
757
275
956
434
491
522
541
880
287
25
917
689
520
760
243
306
284
988
997
150
9
85
400
839
548
975
306
614
57
164
715
334
503
576
584
393
960
728
931
592
127
580
785
81
607
443
222
981
699
763
510
456
381
495
340
140
687
28
967
234
416
950
269
588
482
110
0
112
220
512
429
405
513
12
237
277
117
131
212
16
36
451
885
986
593
856
711
365
200
831
816
216
672
245
433
731
580
495
940
887
670
883
664
118
561
163
591
982
3
975
492
809
531
124
13
369
948
199
519
171
413
494
917
948
142
722
228
481
36
264
427
563
526
700
481
958
485
964
652
771
706
654
644
38
236
525
352
232
974
700
586
2
791
653
84
506
160
810
644
564
916
42
845
71
277
362
250
316
278
186
859
756
116
367
750
388
204
9
148
395
358
516
688
750
329
788
146
515
123
948
149
259
441
328
899
0
314
845
518
798
961
222
515
2
814
473
320
943
109
136
565
468
781
488
624
566
859
77
144
784
691
434
342
693
844
961
353
791
699
436
878
413
811
287
586
782
345
235
673
524
529
747
723
835
467
687
951
515
544
26
755
283
215
993
967
113
657
361
24
205
484
972
390
841
569
215
11
735
971
440
842
300
977
911
820
20
348
826
696
776
702
300
808
815
219
16
668
866
450
118
880
509
144
880
357
462
670
778
648
177
39
205
777
358
333
943
994
779
185
638
155
488
711
225
11
28
428
659
147
180
590
523
265
130
538
188
715
584
499
898
544
749
499
695
876
989
427
334
895
334
194
413
516
322
142
347
328
797
530
861
110
828
533
288
540
216
904
726
94
131
80
807
603
363
938
45
888
739
782
461
636
571
303
890
177
815
658
393
96
888
689
666
786
804
245
861
321
768
105
838
717
931
0
957
807
203
647
706
305
364
911
604
899
511
684
984
905
371
713
31
243
475
921
535
803
91
991
218
375
794
270
500
48
668
426
55
612
894
872
855
433
363
575
133
640
424
682
489
17
26
791
964
580
78
56
745
673
524
525
176
497
511
732
93
147
719
672
659
617
621
439
412
895
500
208
562
556
477
170
16
196
380
28
8
715
780
701
491
700
930
716
124
134
260
668
483
100
154
329
426
571
164
298
54
153
738
922
497
4
595
430
761
826
205
422
286
480
500
496
553
524
847
589
865
952
870
580
661
534
904
35
34
196
832
861
936
757
18
770
53
506
404
662
621
602
671
224
471
61
446
91
214
864
861
423
257
524
400
69
50
524
906
645
577
298
117
777
337
811
104
898
853
764
249
326
812
602
761
896
92
559
833
240
446
429
80
70
68
379
658
950
57
907
814
274
102
840
138
181
548
328
246
562
511
589
206
919
78
840
616
287
432
494
886
223
89
528
139
718
54
261
992
622
789
867
710
870
136
955
431
892
710
784
777
104
146
465
455
557
213
500
668
331
572
806
124
488
670
696
674
287
636
181
485
764
478
206
584
709
304
835
288
124
410
870
154
805
414
925
776
577
64
857
412
731
72
860
79
264
407
537
669
346
815
369
159
407
672
247
589
963
911
837
632
922
147
236
842
978
68
587
532
733
633
765
771
743
119
428
390
766
583
633
829
317
601
322
243
648
741
359
607
40
787
983
654
91
446
551
801
734
629
879
879
641
826
117
90
833
661
773
963
456
128
384
848
416
458
288
405
351
860
893
785
238
274
218
135
847
342
530
595
703
424
536
390
973
503
386
108
480
693
401
182
603
274
717
896
468
185
506
429
610
177
210
617
610
411
576
7
676
612
888
146
760
906
945
964
319
9
931
322
621
43
255
6
671
720
766
179
493
368
537
35
464
222
781
363
487
225
979
624
250
787
627
72
340
700
904
34
58
370
407
96
18
4
254
934
564
168
877
969
648
803
675
821
20
308
812
511
206
788
195
277
190
134
136
152
658
651
595
838
895
571
195
79
548
394
421
317
5
551
360
346
784
834
179
940
620
84
573
215
486
67
523
342
456
178
733
527
249
120
760
448
858
586
879
477
805
333
65
747
654
79
107
147
328
3
933
339
245
930
368
803
846
565
17
375
360
193
327
523
385
510
545
938
182
177
564
15
850
998
726
463
987
665
657
799
73
308
189
520
553
151
712
757
882
527
191
125
105
709
137
622
911
108
352
474
10
512
826
306
959
482
718
941
706
537
709
894
18
217
532
596
993
593
665
960
792
160
193
244
586
628
420
117
594
811
440
248
943
285
618
336
440
318
712
502
159
821
449
257
10
269
820
358
141
763
793
622
900
157
251
645
91
700
775
483
279
660
909
16
242
493
159
44
785
941
354
212
641
420
509
336
940
189
100
445
257
414
997
591
616
823
885
303
715
967
934
625
879
978
604
439
997
989
686
371
859
265
948
837
712
335
308
417
174
615
182
797
817
365
762
936
956
747
413
781
563
240
928
877
997
889
98
770
125
800
954
820
65
132
666
220
307
705
210
220
841
864
582
526
465
302
782
112
582
58
943
475
181
809
431
817
48
693
61
251
119
436
131
49
476
981
8
633
5
891
626
562
449
847
705
129
112
361
371
625
249
611
714
633
209
603
18
260
977
724
411
412
14
116
706
525
474
40
786
171
952
57
89
318
591
200
696
307
782
596
182
544
743
617
820
483
692
955
951
349
766
1
865
506
362
958
658
428
768
894
599
6
375
481
60
643
870
596
569
988
966
424
510
958
599
428
504
467
432
48
112
956
866
100
498
749
682
813
368
693
511
753
449
512
809
327
611
228
213
755
968
377
425
705
690
652
966
827
606
668
40
342
421
626
645
139
900
912
249
969
70
14
233
123
754
926
282
780
307
812
34
536
248
939
711
939
212
456
953
188
373
158
741
650
264
413
186
840
85
896
893
295
459
986
968
250
536
222
510
390
313
199
993
784
79
282
766
325
307
54
458
259
796
624
787
518
564
533
813
185
271
483
872
803
718
305
17
70
637
383
130
699
195
730
118
108
139
481
886
310
76
828
230
888
564
704
817
408
230
198
924
950
336
93
931
681
704
428
307
107
247
340
17
751
268
269
889
928
479
826
55
345
928
48
348
608
232
942
95
987
395
478
43
557
487
787
857
27
131
621
593
50
142
963
375
147
317
622
137
77
939
731
999
3
248
844
311
15
339
686
202
810
296
317
825
532
315
95
695
954
813
984
71
349
415
463
188
815
352
10
706
149
334
319
181
686
607
675
195
549
340
392
296
250
803
634
826
764
280
919
640
691
793
480
465
681
436
329
867
662
638
675
849
134
491
174
472
457
922
396
496
270
674
993
914
51
827
588
634
56
581
207
772
761
559
465
702
718
455
592
181
226
97
356
751
985
930
747
117
572
452
146
78
322
846
886
211
48
671
169
462
799
810
405
516
931
306
786
915
766
881
686
145
521
11
959
567
249
77
990
117
918
558
319
680
610
921
904
454
811
727
856
393
660
379
716
697
331
29
405
859
797
311
950
527
989
255
904
60
677
93
295
794
921
821
45
209
558
304
660
720
141
816
653
803
835
168
400
875
357
339
203
758
431
406
114
498
705
226
195
512
6
492
153
506
239
142
996
20
121
28
664
424
637
702
25
561
205
309
316
231
33
352
777
591
637
942
975
368
218
383
708
259
393
573
89
54
38
810
755
841
594
18
21
588
250
453
87
984
57
468
163
606
241
290
363
577
95
515
159
873
47
260
683
984
386
962
443
835
500
898
76
582
523
117
631
330
486
876
117
775
227
488
567
775
138
843
943
252
351
520
681
784
716
843
375
468
92
252
36
681
201
517
876
210
25
764
766
182
221
33
807
735
739
615
969
823
483
392
216
917
86
40
375
522
995
456
561
144
215
17
161
295
967
878
551
65
316
904
971
323
893
908
800
778
54
591
633
24
271
906
279
859
493
485
57
389
186
852
206
180
858
830
886
605
803
619
370
512
741
879
55
430
773
14
748
788
126
340
138
161
823
976
81
103
435
83
152
833
955
415
120
898
31
180
977
452
787
755
370
673
957
591
368
199
344
134
721
915
628
666
288
311
81
407
735
388
366
277
270
887
441
403
884
364
396
677
602
342
996
738
834
662
33
207
718
711
274
359
922
661
19
984
32
600
2
734
2
211
200
324
43
614
709
85
705
523
55
64
333
60
566
274
654
254
204
87
594
133
13
401
795
948
484
222
59
863
163
233
191
587
307
898
120
454
938
95
594
926
233
299
303
316
72
295
8
100
779
804
414
81
604
70
941
314
909
479
15
626
949
439
685
932
119
664
665
551
892
359
739
339
289
568
95
977
193
460
424
394
611
101
92
186
813
623
353
928
125
163
60
941
514
960
329
63
892
670
148
869
977
852
732
794
930
481
50
355
109
28
754
479
69
239
297
180
849
688
58
864
637
266
516
211
867
478
479
75
368
409
720
733
47
14
674
366
727
256
541
700
649
502
439
591
163
29
296
208
190
725
555
574
332
384
814
402
14
337
637
106
913
297
900
395
88
193
466
567
643
588
679
716
835
110
962
14
195
351
332
948
414
242
248
233
935
502
426
202
956
715
663
413
176
8
240
905
211
375
88
426
471
770
816
585
534
534
120
264
733
796
67
326
230
920
393
367
935
606
728
106
784
359
208
325
855
901
927
670
980
980
839
681
438
934
433
243
773
344
217
657
884
934
162
95
218
305
323
59
406
212
84
234
919
291
747
574
725
780
356
935
517
456
896
697
855
418
739
5
725
116
433
984
886
126
296
325
916
681
484
850
926
149
485
392
812
830
784
602
558
47
21
431
277
859
701
884
27
512
360
495
121
95
78
988
690
224
582
476
257
948
278
593
22
840
574
162
527
760
704
736
516
556
209
37
276
114
575
636
439
622
870
310
338
718
66
897
802
176
943
400
681
409
231
282
474
554
619
432
817
187
876
598
869
965
274
262
895
384
733
449
698
399
356
104
641
804
21
925
549
591
357
871
975
395
163
42
226
931
396
839
953
924
459
60
493
908
410
255
155
781
317
437
125
929
968
797
427
144
397
190
619
455
19
505
276
455
930
276
101
325
909
595
514
363
622
503
285
769
783
172
842
102
903
704
421
781
595
897
623
662
148
319
377
10
820
100
949
703
283
890
645
308
160
971
268
387
603
278
567
551
770
133
174
328
695
792
434
143
665
199
522
997
291
302
960
440
10
943
855
795
777
934
237
192
111
127
991
493
12
855
946
167
890
149
986
12
684
544
371
266
982
79
128
360
710
40
633
317
409
647
443
308
378
588
323
975
339
627
256
620
425
8
130
30
511
183
919
763
380
838
445
605
474
173
239
246
738
243
775
800
62
917
759
536
696
169
187
941
280
573
749
423
235
271
986
434
302
449
856
935
908
77
226
248
468
291
285
617
812
211
538
55
371
25
301
608
357
530
331
714
191
407
910
467
670
829
403
14
921
404
183
708
281
998
362
517
923
256
599
236
895
500
20
136
924
336
635
41
465
625
791
76
498
768
108
480
61
564
506
820
32
221
819
532
62
412
100
355
447
566
8
616
823
500
667
737
462
769
528
772
50
373
736
26
667
967
579
400
197
825
150
344
470
308
491
863
555
656
155
41
776
450
737
3
827
28
163
817
880
888
6
500
749
841
53
177
444
572
915
245
719
318
588
986
157
583
960
44
754
940
936
813
673
396
949
463
132
476
964
337
53
708
170
532
153
483
713
459
237
524
865
515
353
67
862
438
797
408
158
808
322
589
121
720
435
614
288
214
982
44
352
602
450
561
305
755
513
85
417
552
849
809
410
333
401
332
424
891
897
586
928
744
909
105
794
272
951
288
422
324
851
666
289
531
45
268
370
31
593
172
847
223
161
253
38
304
358
4
994
850
921
584
837
844
871
200
400
896
107
177
839
314
479
17
204
4
570
653
136
123
205
618
936
756
593
239
648
53
999
448
334
394
788
239
520
45
687
758
852
120
664
852
110
672
772
827
737
692
653
684
655
278
196
267
813
787
784
311
338
936
191
147
738
940
681
596
721
255
698
23
520
945
175
102
15
586
630
961
618
661
546
842
700
904
120
682
448
775
289
85
166
278
462
767
357
715
352
127
458
368
463
629
995
223
749
321
931
427
192
544
463
10
517
748
590
850
274
801
67
669
307
535
433
331
236
689
160
801
898
940
797
571
252
338
466
550
606
555
152
734
165
152
682
66
329
179
467
727
281
362
873
20
708
461
57
850
900
831
881
898
204
840
247
796
372
468
732
670
184
861
959
561
625
234
525
664
441
552
825
953
587
914
565
597
467
493
48
78
157
672
73
79
473
587
661
276
628
748
892
730
150
934
660
978
902
103
278
55
198
450
130
400
519
783
373
575
993
725
743
428
258
988
523
318
846
466
921
723
239
684
876
124
212
660
567
959
913
953
522
517
571
252
359
193
567
577
721
753
134
971
609
807
934
86
226
735
766
692
573
893
38
775
784
117
556
775
493
937
639
36
977
273
753
757
961
825
396
980
